00111100000100000001000000000000
Error: ori requiere 2 operandos: rt, immediate.
00000010000100100010100000101010
00000000000001010011000011000011
Comentario
10001110000001000000000000000000
10001110000001010000000000000100
00100011101111011111111111111100
Error al convertir offset en sw
00001100000000000000000000010111
10101111101000100000000000001100
00000000010001010000000000011000
00000000000000000100100000010010
00000001001001001000100000100000
10101110000100010000000000001000
10001111101111110000000000000000
00100011101111010000000000000100
00000010011101001000100000100000
00000010011101101001000000100010
00000001010000110100100000100100
00110001001010100000000000000111
00001000000000000000000000000000
00000011111000000000000000001000
00100011101111011111111111111010
10101111101001000000000000000100
10101111101111110000000000000000
00101000100010000000000000000010
00010001000000000000000000000110
00100000000000100000000000000001
00100011101111010000000000001000
00000011111000000000000000001000
00000000000010001000000010000000
00100000100001001111111111111111
00001100000000000000000000010111
10001111101111110000000000000000
10001111101001000000000000000100
00100011101111010000000000001000
00000000010001000000000000011000
00000000000000000001000000010010
00010101000000001111111111011010
00000011111000000000000000001000
00000010001100101000000000100010
